Euler
1.0 -2.0 
0.8 -1.5999999999999979 
0.6400000000000002 -1.2800000000000171 
0.5119999999999985 -1.0239999999998446 
0.409600000000014 -0.8192000000013984 
0.3276799999998742 -0.6553599999874153 
0.26214400000113264 -0.5242880001132626 
0.20971519998980637 -0.4194303989806363 
0.16777216009174273 -0.33554432917427324 
0.1342177271743154 -0.26843537343154056 
0.10737418983116134 -0.214749107916135 
ReverseEuler
1.0 -2.0 
0.8333333333333335 -1.6666666666666667 
0.6944444444444446 -1.388888888888889 
0.578703703703704 -1.1574074074074079 
0.48225308641975345 -0.9645061728395068 
0.4018775720164613 -0.8037551440329225 
0.33489797668038446 -0.6697959533607688 
0.2790816472336538 -0.5581632944673074 
0.23256803936137824 -0.46513607872275636 
0.19380669946781523 -0.3876133989356304 
0.16150558288984604 -0.323011165779692 
Trapese
1.0 -2.0 
0.8181818181818181 -1.6363636363636358 
0.6694214876033058 -1.338842975206611 
0.5477084898572502 -1.0954169797145004 
0.44812512806502286 -0.8962502561300454 
0.3666478320532005 -0.7332956641064009 
0.29998458986170945 -0.5999691797234188 
0.24544193715958046 -0.4908838743191608 
0.20081613040329307 -0.40163226080658615 
0.16430410669360343 -0.3286082133872068 
0.1344306327493119 -0.2688612654986237
RungeKutta
0.94176454 -1.88352908 
0.8869204488014115 -1.7738408976028233 
0.8352702284820549 -1.67054045696411 
0.7866278825020974 -1.573255765004195 
0.7408182459157618 -1.481636491831525 
0.6976763545884643 -1.3953527091769304 
0.657046851147882 -1.3140937022957664 
0.6187834255297335 -1.2375668510594708 
0.5827482881036338 -1.165496576207273 
0.5488116734817061 -1.0976233469634202 
0.5168513732231292 -1.0337027464462698 
0.4867522957518487 -0.9735045915037132 
0.4584060519026838 -0.9168121038053894 
0.4317105646033472 -0.8634211292067243 
0.4065697012868117 -0.8131394025736642 
0.3828929277103118 -0.7657858554206798 
0.3605949819343553 -0.7211899638687879 
0.3395955672877168 -0.6791911345755397 
0.3198190632127561 -0.6396381264256582 
0.3011942529497928 -0.6023885058997862 
0.28365406707990615 -0.5673081341600882 
0.26713534200263817 -0.5342706840056558 
0.2515785924788589 -0.5031571849582396 
0.2369277974197023 -0.4738555948401221 
0.22313019815018229 -0.446260396301351 
0.21013610842101962 -0.4202722168433955 
0.19789873548451767 -0.39579747097090023 
0.1863740115901667 -0.3727480231828977 
0.17552043529317934 -0.35104087058988476 
0.1652989220044964 -0.3305978440138411 
0.15567266324408185 -0.31134532649483027 
0.14660699409066713 -0.2932139881905007 
0.13806926835062036 -0.27613853671384464
Pece
1.0 -2.0 
0.6545454545454545 -1.3090909090909102 
0.4284297520661158 -0.8568595041322394 
0.2804267468069126 -0.5608534936138732 
0.18355205245543632 -0.3671041049111609 
0.1201431616072104 -0.24028632321615043 
0.07863916032481387 -0.15727832066000544 
0.05147290494044422 -0.10294580994315465 
0.033691355964414374 -0.06738271230242604 
0.02205252392435835 -0.04410505009030054 
0.014434379418211858 -0.028868772285926738 
Pece2
1.0 -2.0 
0.5555555555555558 -1.1111111111111114 
0.30864197530864224 -0.6172839506172842 
0.17146776406035688 -0.3429355281207137 
0.09525986892242051 -0.190519737844841 
0.05292214940134475 -0.10584429880268947 
0.02940119411185821 -0.058802388223716404 
0.016333996728810123 -0.03266799345762024 
0.009074442627116737 -0.01814888525423347 
0.005041357015064856 -0.01008271403012971 
0.0028007538972582547 -0.0056015077945165085 