Euler
-1.0 3.0 
-1.159995 2.7800030000000002 
-1.3105751 2.57381484 
-1.4523265930000002 2.3805690502 
-1.5857983114400003 2.1994539507560003 
-1.7115039920922004 2.02970919108868 
-1.8299244915675563 1.8706225077915501 
-1.9415098618728093 1.7215266873304658 
-2.0466812948580606 1.581796720598605 
-2.1458329438365715 1.450847137208122 
-2.2393336301353433 1.3281295081651876 
-2.3275284418449558 1.2131301062922708 
-2.410740231578019 1.1053677144333622 
-2.4892710196154675 1.0043915721072467 
-2.5634033084169845 0.9097794518635848 
-2.6334013140943333 0.8211358571489639 
-2.699512120092725 0.738090334007593 
-2.761966757994032 0.6602958894261342 
-2.820981220045279 0.5874275095863645 
-2.8767574077250497 0.5191807717148661 
-2.9294840203880437 0.4552705436175749 
-2.979337387772803 0.3954297653604642 
-3.0264822499185544 0.3394083079075037 
-3.0710724878131153 0.2869719038547929 
-3.113251807883986 0.23790114570682624 
-3.153154383248167 0.19199054742850852 
-3.1909054544520745 0.14904766527603122 
-3.2266218922603964 0.10889227416218827 
-3.26041272489111 0.07135559604823113 
-3.2923796319424325 0.03627957707594386 
-3.322617407115654 0.0035162103612034696 
-3.3512143917048705 -0.02707309843523731 
-3.378252880700158 -0.05561812546181939 
-3.403809503234069 -0.08224038548649361 
-3.4279555789920853 -0.10705365353477975 
-3.4507574521052673 -0.130164453577266 
-3.472276803947457 -0.15167251634791004 
-3.492570946169536 -0.17167120824303092 
-3.5116930952190795 -0.1902479331277141 
-3.5296926295148845 -0.2074845087609649 
-3.546615330371985 -0.2234575194428462 
-3.5625036077035626 -0.2382386463855668 
-3.57739671146132 -0.2518949772156127 
-3.5913309297151526 -0.264489295925133 
-3.6043397742160477 -0.2760803545075252 
-3.616454154232832 -0.2867231274341589 
-3.627702539403452 -0.2964690500560961 
-3.6381111122946814 -0.3053662419462038 
-3.6477039113203182 -0.31345971613291634 
-3.656502964626876 -0.3207915751168154 
-3.664528415517304 -0.32740119450490707 
-3.6717986399472315 -0.33332539504473657 
-3.6783303565944667 -0.3385986037910773 
-3.6841387299708575 -0.3432530050916465 
-3.6892374670159835 -0.3473186820349398 
-3.6936389075843965 -0.35082374896265384 
-3.6973541092121076 -0.353794475611112 
-3.700392926523673 -0.3562554034104552 
-3.7027640856183868 -0.35822945443696 
-3.7044752537527224 -0.3597380334825566 
-3.7055331046161215 -0.3608011236763048 
-3.7059433794784673 -0.3614373760651246 
-3.7057109444699954 -0.3616641935353505 
-3.704839844237928 -0.3614978094325759 
-3.7033333522086784 -0.36095336121467486 
-3.7011940176700318 -0.36004495945173437 
-3.6984237098741453 -0.35878575246681327 
-3.695023659349546 -0.35718798689287773 
-3.6909944965983974 -0.35526306440387173 
-3.6863362883441884 -0.3530215948615847 
-3.681048571484551 -0.35047344610471565 
-3.6751303848941608 -0.34762779059223103 
-3.668580299213491 -0.3444931490997164 
-3.6613964447506397 -0.34107743165487114 
-3.6535765376154026 -0.3373879758865366 
-3.64511790419723 -0.333431582950633 
-3.6360175040916705 -0.32921455118606097 
-3.626271951573284 -0.3247427076439534 
-3.6158775357068196 -0.32002143762460944 
-3.6048302391826574 -0.3150557123479549 
-3.5931257559570864 -0.3098501148754246 
-3.5807595077728855 -0.30440886439371573 
-3.567726659630929 -0.29873583896388445 
-3.554022134279044 -0.2928345968327218 
-3.5396406257801982 -0.2867083963972217 
-3.524576612218139 -0.2803602149072181 
-3.5088243675949595 -0.27379276598589414 
-3.4923779729716147 -0.2670085160428311 
-3.4752313268991895 -0.260009699649549 
-3.4573781551857037 -0.25279833394307244 
-3.4388120200404066 -0.24537623211891435 
-3.419526328634865 -0.23774501607099438 
-3.399514341117664 -0.22990612823237339 
-3.3787691781172215 -0.22186084266728387 
-3.3572838277650296 -0.21361027546174619 
-3.3350511522695925 -0.20515539445707417 
-3.3120638940694347 -0.19649702836777486 
-3.28831468159174 -0.18763587532272494 
-3.2637960346415213 -0.17857251086605155 
-3.2385003694446337 -0.16930739545184312
ReverseEuler
-1.0 3.0 
-1.1501792791092658 2.793549726363464 
-1.2915732354831926 2.599564480381899 
-1.4246853991188062 2.417306192888514 
-1.549989325062793 2.2460806538671827 
-1.667930374137146 2.085234906659636 
-1.7789273878653782 1.934154796991572 
-1.8833742638851982 1.7922626676193643 
-1.9816414377600775 1.659015189945573 
-2.07407727675086 1.5339013244654804 
-2.16100939077816 1.4164404023903727 
-2.2427458654955177 1.3061803212480536 
-2.319576422100968 1.2026958476888259 
-2.39177350823974 1.105587021127503 
-2.4595933240921846 1.0144776522304495 
-2.5232767874977915 0.9290139106125901 
-2.583050441737371 0.8488629964441273 
-2.639127309380254 0.7737118909816119 
-2.6917076954009738 0.7032661813342075 
-2.740979942579498 0.637248955054591 
-2.787121142019996 0.5753997604059728 
-2.8302978014547024 0.5174736284032017 
-2.8706664738409993 0.4632401529577491 
-2.9083743486108284 0.4124826256744306 
-2.9435598077913827 0.36499722205281937 
-2.9763529490841854 0.32059223603923126 
-3.0068760778656722 0.27908736005661167 
-3.035244169955746 0.240313007810331 
-3.0615653068910778 0.20410967732843008 
-3.0859410853367377 0.17032735184585296 
-3.1084670021726755 0.13882493628423007 
-3.1292328167002963 0.10946972721236177 
-3.1483228913284913 0.08213691429820266 
-3.1658165120177353 0.05670911138133205 
-3.181788189684887 0.033075915406059045 
-3.196307943699879 0.011133491559869394 
-3.209441568538275 -0.009215816939732103 
-3.2212508845904577 -0.028063855874426807 
-3.2317939740687565 -0.045497005247770436 
-3.241125402897887 -0.061596503996961954 
-3.249296429421486 -0.07643875541231476 
-3.256355200708034 -0.0900956144106496 
-3.2623469371929263 -0.10263465774072789 
-3.267314106349683 -0.11411943813478945 
-3.2712965860421033 -0.12460972336000978 
-3.2743318181704564 -0.13416172106702273 
-3.276454953188372 -0.14282829027935182 
-3.277698986032827 -0.150659140317458 
-3.2780948839774027 -0.15770101790395516 
-3.27767170688868 -0.16399788315218872 
-3.276456720337118 -0.1695910750986541 
-3.274475501986963 -0.17451946740048943 
-3.271752041664489 -0.1788196147823685 
-3.26830883548017 -0.182525890782402 
-3.26416697435805 -0.1856706173140023 
-3.259346227304598 -0.18828418652995166 
-3.2538651197295922 -0.19039517544602574 
-3.2477410071130044 -0.19203045375435118 
-3.240990144294392 -0.19321528523111692 
-3.2336277506448794 -0.19397342311922028 
-3.2256680713663517 -0.1943271998438166 
-3.217124435147957 -0.19429761139747304 
-3.2080093083963384 -0.1939043967116228 
-3.1983343462431595 -0.19316611231220032 
-3.188110440521391 -0.19210020253963941 
-3.1773477648904564 -0.19072306559677005 
-3.1660558172796276 -0.18905011567249186 
-3.1542434598089986 -0.18709584137437552 
-3.1419189563379026 -0.1848738606894902 
-3.129090007781733 -0.1823969726797266 
-3.1157637853297486 -0.17967720610562993 
-3.101946961688572 -0.17672586516122957 
-3.087645740468683 -0.17355357249151063 
-3.072865883824226 -0.17017030965397462 
-3.0576127384499174 -0.1665854551761437 
-3.0418912600326515 -0.1628078203518413 
-3.0257060362496175 -0.15884568291059573 
-3.0090613083992834 -0.15470681868653133 
-2.9919609917464673 -0.1503985314056037 
-2.9744086946578974 -0.14592768070297443 
-2.9564077366001142 -0.14130070847567808 
-2.9379611650673123 -0.13652366366948707 
-2.9190717715026886 -0.13160222559300366 
-2.899742106273095 -0.1265417258464809 
-2.879974492753243 -0.12134716894767597 
-2.8597710405723586 -0.1160232517321491 
-2.8391336580730475 -0.11057438160082202 
-2.818064064029174 -0.10500469368328387 
-2.796563798666778 -0.0993180669812632 
-2.7746342340294285 -0.09351813955285744 
-2.7522765837269727 -0.08760832279451135 
-2.729491912104298 -0.08159181487434983 
-2.70628114286458 -0.07547161336728561 
-2.6826450671794078 -0.06925052713932678 
-2.6585843513162857 -0.06293118752569123 
-2.634099543812173 -0.05651605884468498 
-2.6091910822200326 -0.05000744828680867 
-2.5838592994537595 -0.043407515216211445 
-2.558104429755342 -0.03671827991940639 
-2.5319266143067045 -0.029941631834087302 
Trapese
-1.0 3.0 
-1.1547016845477938 2.7871270450021846 
-1.3000911105044346 2.587491434252992 
-1.4367195797784231 2.4002851986499736 
-1.5651045768057164 2.224749851124931 
-1.685731839082511 2.0601733567691953 
-1.7990573009138555 1.9058872884853058 
-1.9055089181413862 1.761264156804873 
-2.005488381138106 1.6257149032080243 
-2.0993727229118777 1.4986865469328439 
-2.187515828740367 1.3796599758762635 
-2.2702498533668933 1.268147872763341 
-2.347886551417452 1.1636927683021279 
-2.420718526352568 1.0658652135485056 
-2.4890204029422924 0.9742620641814818 
-2.553049927947187 0.8885048698364082 
-2.6130490034014198 0.8082383620631796 
-2.6692446566248904 0.7331290348703736 
-2.7218499508386196 0.6628638121860801 
-2.7710648400203994 0.5971487969133065 
-2.817076971415003 0.535708096583733 
-2.86006243890418 0.47828272091952306 
-2.9001864902454186 0.42462954690008864 
-2.9376041910041777 0.3745203472003262 
-2.9724610478313624 0.3277408781199392 
-3.0048935935754217 0.28409002336107 
-3.0350299365660187 0.2433789902345172 
-3.062990276263133 0.20543055508421576 
-3.088887387331116 0.17007835491622897 
-3.112827074071109 0.13716622240304333 
-3.1349085970268553 0.10654756160719518 
-3.155225073467781 0.07808476193088906 
-3.1738638533489105 0.051648647950941554 
-3.1909068722492178 0.027117962941708183 
-3.2064309826980772 0.004378884023199933 
-3.2205082652131614 -0.016675433002094925 
-3.2332063202920955 -0.03614528094159215 
-3.2445885425241174 -0.05412480234078983 
-3.2547143779165677 -0.07070236604933874 
-3.263639565464012 -0.0859609207289998 
-3.271416363924847 -0.09997832671539043 
-3.2780937647111683 -0.11282766755896795 
-3.283717691742223 -0.1245775424895372 
-3.2883311890596847 -0.13529234097237963 
-3.29197459695413 -0.14503250045257526 
-3.294685717306194 -0.1538547483169437 
-3.2964999688028156 -0.16181232903999587 
-3.297450532648545 -0.16895521742111383 
-3.2975684893539143 -0.17533031876462524 
-3.2968829471472474 -0.18098165680228906 
-3.295421162522822 -0.18595055010875292 
-3.293208653406887 -0.19027577771458465 
-3.2902693053935668 -0.19399373457833474 
-3.2866254714749865 -0.1971385775385853 
-3.282298065663994 -0.1997423623289176 
-3.2773066508834328 -0.20183517220303632 
-3.271669521473045 -0.20344523868378012 
-3.2654037806435765 -0.20459905491829072 
-3.258525413187473 -0.2053214820920829 
-3.2510493537366156 -0.2056358493270342 
-3.242989550839765 -0.20556404746228973 
-3.2343590271156692 -0.2051266170926442 
-3.2251699357221417 -0.20434283121602967 
-3.2154336133666805 -0.20323077282020552 
-3.2051606300703974 -0.20180740771853498 
-3.194360835884063 -0.200088652925757 
-3.1830434047428824 -0.19808944084685046 
-3.1712168756352175 -0.19582377953536345 
-3.158889191249711 -0.19330480926188437 
-3.1460677342552237 -0.19054485561859233 
-3.132759361358528 -0.18755547937199066 
-3.1189704352758265 -0.18434752326293982 
-3.1047068547458387 -0.18093115594091325 
-3.0899740827043685 -0.17731591320795392 
-3.0747771727329294 -0.1735107367370647 
-3.0591207938871117 -0.16952401041967885 
-3.04300925400389 -0.16536359448738655 
-3.0264465215810246 -0.16103685754420538 
-3.0094362463159716 -0.15655070663733636 
-2.991981778386387 -0.15191161548651338 
-2.974086186549285 -0.14712565098469926 
-2.9557522751311707 -0.14219849807597781 
-2.9369825999770622 -0.13713548311000942 
-2.91777948342215 -0.13194159576633346 
-2.8981450283459305 -0.12662150963608906 
-2.878081131364999 -0.12117960154336288 
-2.857589495217243 -0.11561996968333947 
-2.836671640386938 -0.10994645064970385 
-2.8153289160172337 -0.10416263541930923 
-2.7935625101536568 -0.09827188435795926 
-2.771373459359593 -0.09227734130724338 
-2.7487626577422035 -0.08618194680869451 
-2.7257308654248695 -0.07998845051809231 
-2.702278716500054 -0.07369942285950112 
-2.678406726494399 -0.06731726596559501 
-2.654115299375912 -0.06084422394797169 
-2.6294047341312865 -0.05428239253848179 
-2.6042752309396775 -0.04763372814008669 
-2.578726896967627 -0.040900056323401116 
-2.5527597518083502 -0.03408307980286177
RungeKutta
-1.0 3.0 
-1.1546542876666668 2.7871965048166665 
-1.3000021302276787 2.5876218475153894 
-1.4365942957650728 2.400468840158409 
-1.5649477784647765 2.224979713075745 
-1.685547865814571 2.0604430898703994 
-1.7988500792628836 1.9061911475914515 
-1.9052819960842 1.761596950740425 
-2.0052449597227473 1.6260719484701498 
-2.09911568544098 1.4990636249866773 
-2.1872477676815323 1.3800532937762917 
-2.2699730951590134 1.2685540268537114 
-2.347603179329731 1.1641087107664796 
-2.4204304015417155 1.0662882215964706 
-2.488729183842822 0.9746897116743871 
-2.5527570881200057 0.8889350011690071 
-2.612755847956796 0.8086690681315235 
-2.6689523373274664 0.7335586309682844 
-2.721559479994288 0.6632908176841524 
-2.77077710323758 0.597571916585026 
-2.8167927393260945 0.5361262034531971 
-2.859782377926678 0.4786948405144442 
-2.8999111724563478 0.4250348428023015 
-2.9373341031960827 0.3749181077939474 
-2.9721965998130537 0.3281305044446936 
-3.0046351257760096 0.2844710179851311 
-3.034777726996432 0.24375094706755607 
-3.062744546885296 0.20579315005724091 
-3.088648309881217 0.17043133746026584 
-3.112594775379935 0.13750940766377334 
-3.1346831638769403 0.10688082333737912 
-3.155006557024152 0.07840802600676477 
-3.173652273197426 0.051961886462833784 
-3.1907022200739483 0.027421188812843174 
-3.2062332256267827 0.004672146114198136 
-3.220317348857725 -0.016392054342347077 
-3.233022171508726 -0.035871677914998984 
-3.244411071916234 -0.053860843362566704 
-3.254543482101532 -0.07044789906496168 
-3.26347512912324 -0.08571577621417004 
-3.271258261655327 -0.0997423203853946 
-3.277941862695025 -0.1126006028117724 
-3.2835718492496553 -0.1243592126050642 
-3.288191259799434 -0.1350825310886627 
-3.2918404302845055 -0.1448309893378701 
-3.2945571593186744 -0.15366130995537217 
-3.2963768632892863 -0.16162673404691266 
-3.297332721962357 -0.16877723430310212 
-3.2974558151741444 -0.1751597150378406 
-3.296775251154782 -0.18081819998177354 
-3.2953182869961966 -0.18579400858032669 
-3.2931104417451733 -0.19012592149998464 
-3.2901756025730076 -0.1938503360034038 
-3.2865361244455307 -0.1970014118135149 
-3.282212923691377 -0.19961120804880825 
-3.2772255658419875 -0.20170981177635736 
-3.27159234809399 -0.20332545869568133 
-3.2653303767231394 -0.20448464643513667 
-3.2584556397588313 -0.20521224091304524 
-3.2509830752093136 -0.2055315761880832 
-3.242926635109934 -0.20546454819747018 
-3.2342993456501143 -0.20503170275710153 
-3.2251133636190725 -0.20425231817486547 
-3.2153800293956376 -0.20314448280688518 
-3.2051099166936923 -0.20172516786624248 
-3.1943128792618407 -0.2000102957747908 
-3.1829980947237413 -0.19801480433087607 
-3.1711741057341256 -0.19575270694908456 
-3.1588488586148173 -0.19323714921245866 
-3.146029739625003 -0.19048046196290372 
-3.132723609010569 -0.18749421114169207 
-3.1189368329684455 -0.18428924457899895 
-3.1046753136535914 -0.18087573591922737 
-3.089944517348424 -0.1772632258574479 
-3.07474950090718 -0.1734606608515463 
-3.059094936580795 -0.16947642946459748 
-3.04298513532144 -0.1653183964825252 
-3.0264240686597663 -0.16099393494322783 
-3.0094153892422324 -0.1565099562050147 
-2.9919624501105297 -0.15187293817437109 
-2.974068322800099 -0.14708895180572423 
-2.9557358143300276 -0.14216368597898527 
-2.936967483152183 -0.13710247085416719 
-2.9177656541232877 -0.13191029979630073 
-2.8981324325597466 -0.12659184995816358 
-2.8780697174313623 -0.1211515016029814 
-2.8575792137466567 -0.11559335624422985 
-2.8366624441792725 -0.10992125367494565 
-2.815320759981913 -0.10413878795452232 
-2.7935553512314244 -0.09824932241680542 
-2.771367256445968 -0.09225600375939574 
-2.7487573716127063 -0.08616177527040167 
-2.7257264586620904 -0.07996938924543943 
-2.7022751534226233 -0.073681418644448 
-2.6784039730878906 -0.06730026803485097 
-2.6541133232257197 -0.06082818386475 
-2.6294035043574846 -0.05426726410715965 
-2.604274718133872 -0.047619467313783574 
-2.578727073131807 -0.04088662111447534 
-2.552760590295722 -0.034070430196314415
Pece
-1.0 3.0 
-1.305585659255304 2.580507238361086 
-1.5764760706583807 2.2115152509306486 
-1.8168174837425102 1.8869463550508088 
-2.030255405410537 1.601455551414027 
-2.2199949485330905 1.3503422140352315 
-2.3888539066438157 1.1294724243050762 
-2.539309431460497 0.9352106661850702 
-2.67353908428813 0.7643597542389708 
-2.7934569394240385 0.6141080021903854 
-2.9007453359507713 0.48198275930041196 
-2.996882802419699 0.36580954704710605 
-3.0831686157094733 0.2636761210981126 
-3.1607443997445865 0.1739008649271251 
-3.2306131208617046 0.09500499297783832 
-3.2936557936075603 0.02568810420774076 
-3.350646172931577 -0.035193317812081175 
-3.402263675474354 -0.08864481339175379 
-3.4491047434001794 -0.13555057615609217 
-3.491692838494659 -0.17668807811372156 
-3.5304872316223994 -0.21274093194938593 
-3.565890732740628 -0.24431020300825262 
-3.598256489164104 -0.2719243578319922 
-3.627893964385408 -0.2960480135840606 
-3.655074196218629 -0.3170896328938915 
-3.680034421129878 -0.3354082912294325 
-3.7029821411483077 -0.3513196285868576 
-3.7240987005435793 -0.3651010838122963 
-3.7435424313576977 -0.3769964980204554 
-3.7614514197572415 -0.38722016315333035 
-3.7779459389085055 -0.39596038255665894 
-3.7931305885695106 -0.4033826023909535 
-3.807096176748228 -0.4096321656047115 
-3.8199213745156686 -0.41483673396263226 
-3.831674171315364 -0.4191084181383871 
-3.8424131548152594 -0.4225456510591044 
-3.8521886364497404 -0.4252348354475956 
-3.8610436412505913 -0.4272517927784027 
-3.869014778323923 -0.4286630375833682 
-3.876133006358597 -0.4295268981574421 
-3.8824243068177666 -0.4298945021781808 
-3.8879102759402504 -0.42981064352095283 
-3.8926086453373285 -0.42931454458937884 
-3.8965337397910926 -0.42844052675459404 
-3.8996968798231797 -0.42721859997900163 
-3.902106735690428 -0.42567498136523 
-3.9037696386616867 -0.42383255119694885 
-3.904689854724384 -0.4217112540056533 
-3.904869825248899 -0.4193284512894348 
-3.9043103785929967 -0.4166992317111156 
-3.903010916148631 -0.41383668390074696 
-3.900969575911238 -0.41075213636974994 
-3.8981833762804325 -0.40745536850071207 
-3.8946483424744764 -0.40395479609906626 
-3.8903596176537696 -0.40025763457268193 
-3.8853115605960378 -0.39637004243584617 
-3.8794978315438158 -0.39229724750910333 
-3.872911467649478 -0.3880436579005883 
-3.8655449492712766 -0.3836129596031029 
-3.857390258222775 -0.3790082023201019 
-3.8484389289451877 -0.3742318749393199 
-3.838682093455269 -0.3692859719017665 
-3.8281105208186346 -0.3641720515634304 
-3.816714651808009 -0.3588912875147669 
-3.804484629326396 -0.35344451370672325 
-3.791410325105265 -0.347832264129755 
-3.77748136312636 -0.3420548077023143 
-3.762687140161664 -0.3361121789461663 
-3.7470168437784985 -0.33000420495629884 
-3.7304594681149075 -0.32373052911199013 
-3.713003827693701 -0.31729063192177304 
-3.694638569511181 -0.3106838493476986 
-3.6753521836081147 -0.3039093889126668 
-3.655133012305512 -0.296966343857982 
-3.6339692582657483 -0.28985370558608814 
-3.611848991520227 -0.28257037459511675 
-3.5887601555877495 -0.27511517008698044 
-3.5646905727927987 -0.2674868384088336 
-3.539627948879771 -0.25968406046846226 
-3.5135598770076175 -0.2517054582472221 
-3.4864738411991745 -0.243549600519242 
-3.458357219310498 -0.2352150078725065 
-3.429197285577655 -0.2267001571159086 
-3.3989812127914876 -0.21800348514622425 
-3.3676960741447766 -0.20912339234004937 
-3.3353288447908827 -0.20005824552789842 
-3.3018664031482086 -0.1908063806007705 
-3.2672955319807135 -0.1813661047934236 
-3.231602919281035 -0.1717356986832669 
-3.194775158979595 -0.1619134179390881 
-3.1567987515002285 -0.15189749484971107 
-3.1176601041804037 -0.14168613965904933 
-3.0773455315719227 -0.13127754173083145 
-3.0358412556360643 -0.12066987056346812 
-2.9931334058454646 -0.10986127667306378 
-2.949208019203515 -0.09884989236040452 
-2.904051040190795 -0.0876338323758459 
-2.8576483206468697 -0.07621119449434582 
-2.8099856195947974 -0.0645800600114106 
-2.7610486030147996 -0.05273849416942517 
Pece2
-1.0 3.0 
-1.4349075635552198 2.4044703811523607 
-1.7999498245347005 1.910686309376728 
-2.1070099286198696 1.5012455128848654 
-2.3659350422358894 1.161724891494815 
-2.5848848543031755 0.8801705441009905 
-2.7706204212566354 0.6466750933178979 
-2.928743567376696 0.45302736375840486 
-3.0638953043774193 0.2924220284440533 
-3.1799202853379325 0.1592189579965343 
-3.280003107220207 0.04874376448327616 
-3.366781280933469 -0.04287751178782306 
-3.4424388629953744 -0.11885541711789133 
-3.508784059138165 -0.18185064502607376 
-3.567313543542239 -0.23406815751712715 
-3.6192657677157096 -0.277335194635874 
-3.6656651437717755 -0.31316593031301854 
-3.707358664223699 -0.34281506039132564 
-3.745046253013329 -0.36732221742244353 
-3.7793059208594983 -0.387548782508486 
-3.8106146143215596 -0.4042083956628024 
-3.839365495726539 -0.4178922433778298 
-3.86588226492323 -0.429090017438016 
-3.890431029241741 -0.4382072859742808 
-3.9132301413550863 -0.4455798909126295 
-3.934458352895678 -0.4514858808388213 
-3.95426157213407 -0.4561554011665697 
-3.972758464674813 -0.4597788912780073 
-3.9900450952199185 -0.4625138784488161 
-4.006198774548147 -0.4644906087603022 
-4.02128124775937 -0.4658167140828428 
-4.035341336544334 -0.4665810801358358 
-4.048417128937797 -0.46685705238368497 
-4.0605377940148575 -0.4667050931168392 
-4.071725085730697 -0.4661749836638074 
-4.081994589114106 -0.46530764959839066 
-4.091356752916636 -0.46413667347756626 
-4.099817745269805 -0.4626895485982705 
-4.107380162645725 -0.4609887181052004 
-4.114043617230548 -0.4590524361929768 
-4.119805223521851 -0.45689548185627743 
-4.124660001398653 -0.45452975042849403 
-4.128601209960032 -0.4519647438287858 
-4.131620623981205 -0.4492079768563297 
-4.1337087628075135 -0.4462653139025108 
-4.1348550798257495 -0.44314124799180393 
-4.135048119258905 -0.439839132023216 
-4.134275645875583 -0.4363613703942824 
-4.1325247522482185 -0.43270957778901753 
-4.129781947400938 -0.4288847107503737 
-4.126033230030396 -0.42488717669563353 
-4.12126414893797 -0.42071692423572626 
-4.1154598528600586 -0.4163735179985339 
-4.108605131508841 -0.4118562006084578 
-4.100684449325636 -0.40716394402050166 
-4.091681973191802 -0.40229549203082304 
-4.081581595129006 -0.39724939547382104 
-4.070366950844017 -0.3920240413573316 
-4.058021434826811 -0.38661767697325305 
-4.044528212589374 -0.381028429843354 
-4.029870230532031 -0.3752543242128388 
-4.014030223840789 -0.36929329468226174 
-3.9969907227500534 -0.3631431974672861 
-3.97873405744785 -0.35680181969198027 
-3.959242361853187 -0.3502668870519012 
-3.938497576455881 -0.3435360701256475 
-3.916481450376555 -0.33660698956585794 
-3.8931755427774952 -0.32947722036108845 
-3.868561223732656 -0.322144295327228 
-3.8426196746465346 -0.31460570795995024 
-3.8153318882962544 -0.30685891475718435 
-3.78667866855845 -0.2989013371019293 
-3.7566406298719563 -0.2907303627802699 
-3.72519819647857 -0.2823433471966349 
-3.692331601476867 -0.27373761433771354 
-3.65802088571805 -0.2649104575276423 
-3.6222458965678244 -0.25585914000977356 
-3.5849862865541353 -0.24658089538429104 
-3.5462215119172016 -0.23707292792592302 
-3.5059308310754247 -0.22733241280184732 
-3.4640933030183967 -0.217356496206441 
-3.42068778563629 -0.20714229542667034 
-3.375692933993277 -0.19668689884955234 
-3.3290871985512984 -0.18598736592115783 
-3.2808488233493844 -0.17504072706500085 
-3.23095584414281 -0.16384398356631108 
-3.1793860865055956 -0.15239410742757126 
-3.1261171638992393 -0.14068804119977407 
-3.071126475710039 -0.1287226977930872 
-3.014391205256917 -0.11649496026997892 
-2.955888317771319 -0.10400168162332983 
-2.8955945583504272 -0.0912396845416189 
-2.8334864498847185 -0.07820576116291067 
-2.7695402909606535 -0.06489667281906977 
-2.703732153739132 -0.051309149771380166 
-2.636037881810213 -0.03743989093854001 
-2.5664330880244495 -0.023285563617832874 
-2.494893152301131 -0.008842803200133073 
-2.4213932194136056 0.005891787120713667 
-2.3459081967518145 0.020921636643691316